7647539
6959052
7262847
4969410
4512219
9669850
6511828
9795979
3913899
2364913
467619
4881091
263145
7028666
5003291
5116475
3899397
8236369
8598490
8289945
7174122
8221984
9604981
8005371
7984069
7982112
614333
102550
7480891
9704318
3544591
1777812
6050682
5663069
9864528
9442482
3016655
1913682
1608978
1354417
1279515
3367697
5111726
1670968
8591672
1824031
1384386
3152638
7484322
3371347
2834750
2027824
1643756
7216654
9398620
751397
9760807
7297463
476601
4130476
8251538
5862328
9478586
8367588
1994094
9761925
4500339
8006021
8329475
8806137
3819123
7437040
6309265
6917791
3105879
4920892
4474735
444578
5111867
2581024
8112434
1205587
5552531
6248471
9509476
7776872
8556535
7014360
558565
8674793
1314935
292552
2523605
958284
3072399
9770384
8797155
9566379
3191359
3595312
7554431
7141998
6028647
9437064
7592979
4152457
6945891
3872280
2505084
9110986
5821406
7159337
6203761
2909376
9097037
9869261
8558038
505920
8844327
3334575
2826474
2730353
8927689
6333294
3264203
1451471
850720
6461732
7331008
3362358
9738726
4756521
1263155
4500710
9219560
4580629
302999
5774948
2783957
2353905
8645267
6762349
293341
6417793
5210192
6048680
9097358
6702180
8516305
3593738
9798264
5600242
1295910
7325230
5264311
2270774
8390033
1028455
8281094
574934
7675994
3183218
9716719
9803150
1908155
8005699
279500
5489407
2454904
5554501
1127031
7772211
7255893
7085082
3009875
4750763
7877629
2305819
3190865
5797637
4771397
2949541
7225479
4220857
9597180
4129323
1956469
9356485
8575104
252016
9547955
3064025
9712473
446370
1508856
4476331
9235595
7250270
3901554
2103860
