4709873
8266364
2647391
4498003
2047440
8640092
5691619
5732535
9477158
6415334
5806932
9509871
6785024
1276879
7289273
1844070
9373922
6765900
6136963
6917960
8824140
1962006
2520781
9281991
2361667
4126635
1708411
7998018
5817678
9612631
551343
7015922
5151804
6810652
6899419
8995621
4185901
8100698
2643014
3927761
4499951
5871618
654987
7384627
6474270
9408172
2456597
9960839
4921500
3398002
2717371
9685519
2288479
7348299
924366
1766280
2805779
9038253
2056006
7430155
1068947
9910542
7943869
944433
9549955
8191041
1805107
9787342
6797738
632406
6197716
5693107
4514052
3500388
4992177
2531798
7586424
2602593
1560286
1572606
4679924
6262844
6986833
9621285
7728492
7184601
6539191
6825059
3835589
779781
8100936
6590192
8074213
9800884
2171538
9627855
5036606
3873566
7081054
5938838
7647539
6959052
7262846
4969409
4512219
9669850
6511828
9795978
3913898
2364913
467618
4881091
263144
7028666
5003291
5116475
3899396
8236368
8598490
8289944
7174121
8221983
9604981
8005370
7984069
7982111
614332
102550
7480891
9704318
3544590
1777811
6050682
5663068
9864528
9442481
3016655
1913681
1608978
1354417
1279514
3367697
5111725
1670968
8591671
1824031
1384385
3152638
7484321
3371346
2834750
2027824
1643756
7216654
9398619
751396
9760806
7297462
476600
4130475
8251538
5862327
9478585
8367587
1994094
9761925
4500339
8006020
8329474
8806136
3819122
7437039
6309265
6917791
3105879
4920891
4474734
444577
5111867
2581024
8112434
1205586
5552531
6248470
9509475
7776871
8556534
7014359
558564
8674792
1314934
292552
2523605
958283
3072399
9770384
8797155
9566378
3191359
3595312